6.350000000000000000e+01
1.268984375000000000e+02
6.550000000000000000e+01
1.428828125000000000e+02
7.050000000000000000e+01
1.603203125000000000e+02
7.550000000000000000e+01
1.748515625000000000e+02
8.450000000000000000e+01
1.893828125000000000e+02
9.350000000000000000e+01
1.966484375000000000e+02
1.055000000000000000e+02
2.039140625000000000e+02
1.175000000000000000e+02
2.053671875000000000e+02
1.305000000000000000e+02
2.053671875000000000e+02
1.405000000000000000e+02
2.053671875000000000e+02
1.515000000000000000e+02
2.010078125000000000e+02
1.605000000000000000e+02
1.937421875000000000e+02
1.675000000000000000e+02
1.864765625000000000e+02
1.745000000000000000e+02
1.733984375000000000e+02
1.805000000000000000e+02
1.574140625000000000e+02
1.825000000000000000e+02
1.414296875000000000e+02
1.825000000000000000e+02
1.239921875000000000e+02
7.250000000000000000e+01
1.123671875000000000e+02
8.100000000000000000e+01
1.021953125000000000e+02
9.250000000000000000e+01
9.783593750000000000e+01
1.055000000000000000e+02
9.638281250000000000e+01
1.145000000000000000e+02
9.928906250000000000e+01
1.405000000000000000e+02
9.928906250000000000e+01
1.495000000000000000e+02
9.565625000000000000e+01
1.595000000000000000e+02
9.347656250000000000e+01
1.690000000000000000e+02
9.638281250000000000e+01
1.785000000000000000e+02
1.036484375000000000e+02
1.295000000000000000e+02
1.196328125000000000e+02
1.295000000000000000e+02
1.283515625000000000e+02
1.295000000000000000e+02
1.370703125000000000e+02
1.305000000000000000e+02
1.472421875000000000e+02
1.205000000000000000e+02
1.574140625000000000e+02
1.255000000000000000e+02
1.574140625000000000e+02
1.295000000000000000e+02
1.588671875000000000e+02
1.335000000000000000e+02
1.574140625000000000e+02
1.375000000000000000e+02
1.574140625000000000e+02
8.450000000000000000e+01
1.239921875000000000e+02
8.850000000000000000e+01
1.167265625000000000e+02
1.025000000000000000e+02
1.167265625000000000e+02
1.075000000000000000e+02
1.239921875000000000e+02
1.015000000000000000e+02
1.254453125000000000e+02
8.850000000000000000e+01
1.268984375000000000e+02
1.465000000000000000e+02
1.239921875000000000e+02
1.535000000000000000e+02
1.167265625000000000e+02
1.665000000000000000e+02
1.167265625000000000e+02
1.715000000000000000e+02
1.225390625000000000e+02
1.665000000000000000e+02
1.268984375000000000e+02
1.535000000000000000e+02
1.268984375000000000e+02
1.095000000000000000e+02
1.748515625000000000e+02
1.185000000000000000e+02
1.719453125000000000e+02
1.265000000000000000e+02
1.675859375000000000e+02
1.295000000000000000e+02
1.675859375000000000e+02
1.325000000000000000e+02
1.675859375000000000e+02
1.405000000000000000e+02
1.719453125000000000e+02
1.475000000000000000e+02
1.763046875000000000e+02
1.425000000000000000e+02
1.835703125000000000e+02
1.365000000000000000e+02
1.893828125000000000e+02
1.295000000000000000e+02
1.908359375000000000e+02
1.225000000000000000e+02
1.893828125000000000e+02
1.155000000000000000e+02
1.835703125000000000e+02
1.115000000000000000e+02
1.763046875000000000e+02
1.205000000000000000e+02
1.733984375000000000e+02
1.295000000000000000e+02
1.733984375000000000e+02
1.375000000000000000e+02
1.748515625000000000e+02
1.465000000000000000e+02
1.763046875000000000e+02
1.375000000000000000e+02
1.821171875000000000e+02
1.295000000000000000e+02
1.835703125000000000e+02
1.205000000000000000e+02
1.821171875000000000e+02
